Time;chgVoltage;chgSense;batVoltage
0;0;0;0
0.0;3.78;0.0;25.12
6.0;3.03;0.0;25.15
12.0;2.6;0.0;25.16
18.002;2.36;0.0;25.17
24.009;2.23;0.0;25.16
30.009;2.14;0.0;25.17
36.009;2.1;0.0;25.17
42.009;2.07;0.0;25.17
48.009;2.05;0.0;25.16
54.01;2.03;0.0;25.16
60.017;2.02;0.0;25.16
66.017;2.01;0.0;25.16
72.022;2.01;0.0;25.17
78.023;2.0;0.0;25.17
84.023;2.0;0.0;25.17
90.023;1.99;0.0;25.16
96.026;1.98;0.0;25.16
102.026;1.98;0.0;25.16
108.028;1.97;0.0;25.16
114.03;1.97;0.0;25.16
120.03;1.97;0.0;25.16
126.03;1.98;0.0;25.16
132.03;1.99;0.0;25.15
138.032;1.99;0.0;25.15
144.04;1.99;0.0;25.15
150.041;1.98;0.0;25.15
156.041;1.99;0.0;25.15
162.041;1.99;0.0;25.14
168.054;1.99;0.0;25.14
174.057;2.0;0.0;25.14
180.057;1.99;0.0;25.15
186.057;1.99;0.0;25.15
192.057;2.0;0.0;25.15
198.059;2.01;0.0;25.14
204.059;2.01;0.0;25.15
210.059;2.01;0.0;25.14
216.063;2.0;0.0;25.14
222.073;2.0;0.0;25.15
228.076;2.0;0.0;25.15
234.083;2.01;0.0;25.15
240.09;2.0;0.0;25.15
246.097;2.0;0.0;25.15
252.107;1.99;0.0;25.14
258.109;1.99;0.0;25.13
264.109;1.98;0.0;25.13
270.115;1.99;0.0;25.13
276.115;1.98;0.0;25.13
282.115;1.98;0.0;25.13
288.115;1.98;0.0;25.13
294.122;1.97;0.0;25.14
300.122;1.97;0.0;25.13
306.123;1.97;0.0;25.12
312.123;1.97;0.0;25.12
318.124;1.97;0.0;25.12
324.124;1.97;0.0;25.12
330.124;1.97;0.0;25.13
336.126;1.95;0.0;25.12
342.125;1.95;0.0;25.12
348.125;1.96;0.0;25.13
354.128;1.96;0.0;25.12
360.135;1.96;0.0;25.12
366.142;1.96;0.0;25.12
372.145;1.97;0.0;25.12
378.145;1.96;0.0;25.11
384.145;1.96;0.0;25.12
390.156;1.97;0.0;25.11
396.163;1.97;0.0;25.1
402.165;1.96;0.0;25.1
408.165;1.96;0.0;25.1
414.165;1.96;0.0;25.11
420.165;1.97;0.0;25.12
426.178;1.98;0.0;25.11
432.179;1.98;0.0;25.11
438.179;1.99;0.0;25.1
444.434;1.99;0.0;25.1
450.434;1.98;0.0;25.11
456.439;1.99;0.0;25.1
462.442;1.98;0.0;25.1
468.442;1.97;0.0;25.1
474.442;1.97;0.0;25.1
480.444;1.97;0.0;25.11
486.444;1.98;0.0;25.11
492.444;1.98;0.0;25.11
498.447;1.98;0.0;25.1
504.45;1.98;0.0;25.1
510.458;1.97;0.0;25.1
516.458;1.97;0.0;25.09
522.458;1.97;0.0;25.09
528.458;1.98;0.0;25.1
534.458;1.98;0.0;25.1
540.458;1.98;0.0;25.1
546.461;1.98;0.0;25.1
552.461;1.98;0.0;25.09
558.463;1.98;0.0;25.08
564.464;1.98;0.0;25.08
570.464;1.99;0.0;25.08
576.464;2.0;0.0;25.08
582.464;1.99;0.0;25.09
588.464;1.98;0.0;25.09
594.464;1.96;0.0;25.09
600.464;1.97;0.0;25.09
606.464;1.97;0.0;25.08
612.464;1.96;0.0;25.09
618.466;1.96;0.0;25.08
624.466;1.95;0.0;25.07
630.466;1.96;0.0;25.07
636.469;1.94;0.0;25.07
642.474;1.95;0.0;25.06
648.475;1.95;0.0;25.07
654.476;1.95;0.0;25.07
660.476;1.95;0.0;25.07
666.482;1.95;0.0;25.08
672.484;1.95;0.0;25.08
678.484;1.95;0.0;25.08
684.484;1.96;0.0;25.07
690.487;1.97;0.0;25.07
696.487;1.97;0.0;25.07
702.489;1.98;0.0;25.07
708.496;1.97;0.0;25.07
714.503;1.97;0.0;25.07
720.506;1.96;0.0;25.07
726.506;1.95;0.0;25.07
732.508;1.94;0.0;25.07
738.51;1.93;0.0;25.07
744.515;1.93;0.0;25.07
750.518;1.94;0.0;25.06
756.518;1.95;0.0;25.06
762.518;1.95;0.0;25.06
768.522;1.95;0.0;25.06
774.529;1.93;0.0;25.06
780.531;1.93;0.0;25.06
786.531;1.94;0.0;25.06
792.531;1.94;0.0;25.06
798.534;1.95;0.0;25.06
804.534;1.94;0.0;25.05
810.537;1.93;0.0;25.06
816.544;1.94;0.0;25.06
822.551;1.94;0.0;25.05
828.558;1.94;0.0;25.05
834.559;1.93;0.0;25.05
840.559;1.93;0.0;25.04
846.559;1.93;0.0;25.04
852.559;1.93;0.0;25.03
858.563;1.92;0.0;25.03
864.563;1.93;0.0;25.03
870.563;1.91;0.0;25.03
876.563;1.9;0.0;25.04
882.566;1.91;0.0;25.03
888.566;1.91;0.0;25.04
894.567;1.9;0.0;25.03
900.567;1.88;0.0;25.04
906.567;1.88;0.0;25.03
912.57;1.88;0.0;25.04
918.57;1.88;0.0;25.04
924.572;1.85;0.0;25.04
930.579;1.85;0.0;25.04
936.582;1.85;0.0;25.04
942.593;1.87;0.0;25.04
948.596;1.86;0.0;25.04
954.598;1.86;0.0;25.03
960.598;1.85;0.0;25.03
966.598;1.79;0.0;25.03
972.599;1.78;0.0;25.03
978.6;1.79;0.0;25.03
984.6;1.79;0.0;25.03
990.602;1.8;0.0;25.03
996.602;1.82;0.0;25.03
1002.604;1.83;0.0;25.03
1008.604;1.84;0.0;25.03
1014.604;1.84;0.0;25.02
1020.607;1.85;0.0;25.02
1026.607;1.85;0.0;25.02
1032.614;1.85;0.0;25.02
1038.62;1.85;0.0;25.02
1044.62;1.82;0.0;25.02
1050.62;1.82;0.0;25.02
1056.62;1.82;0.0;25.02
1062.62;1.81;0.0;25.01
1068.62;1.8;0.0;25.01
1074.629;1.83;0.0;25.01
1080.636;1.85;0.0;25.01
1086.637;1.86;0.0;25.01
1092.637;1.85;0.0;25.01
1098.637;1.82;0.0;25.01
1104.639;1.79;0.0;25.01
1110.639;1.73;0.0;25.01
1116.639;1.42;0.67;25.01
1122.64;1.12;0.71;25.01
1128.64;1.32;0.0;25.01
1134.641;1.28;0.77;25.0
1140.641;0.96;0.7;25.01
1146.641;0.82;0.7;25.0
1152.642;0.7;0.65;25.01
1158.641;0.68;0.69;25.0
1164.641;0.69;0.71;25.0
1170.643;0.65;0.69;25.0
1176.645;0.6;0.64;25.0
1182.645;0.6;0.64;24.99
1188.654;0.64;0.69;24.99
1194.654;0.65;0.69;25.0
1200.657;0.63;0.67;24.99
1206.659;0.55;0.58;25.0
1212.668;0.55;0.57;24.99
1218.668;0.54;0.56;25.0
1224.67;0.51;0.53;25.0
1230.67;0.48;0.5;25.0
1236.673;0.48;0.49;24.99
1242.673;0.46;0.47;24.99
1248.673;0.44;0.43;24.99
1254.673;0.42;0.4;24.99
1260.675;0.47;0.46;24.99
1266.675;0.45;0.45;24.98
1272.677;0.44;0.42;24.99
1278.684;0.43;0.42;24.99
1284.688;0.42;0.4;24.99
1290.688;0.41;0.38;24.99
1296.689;0.4;0.36;24.99
1302.689;0.4;0.38;24.99
1308.689;0.42;0.42;24.99
1314.692;0.42;0.41;24.98
1320.694;0.41;0.4;24.97
1326.694;0.39;0.36;24.97
1332.703;0.41;0.38;24.97
1338.706;0.41;0.38;24.97
1344.706;0.4;0.37;24.97
1350.711;0.37;0.33;24.98
1356.711;0.35;0.31;24.98
1362.714;0.33;0.29;24.98
1368.714;0.33;0.28;24.98
1374.714;0.33;0.27;24.98
1380.717;0.32;0.26;24.98
1386.718;0.33;0.27;24.97
1392.718;0.31;0.25;24.97
1398.718;0.31;0.24;24.97
1404.718;0.31;0.23;24.97
1410.718;0.3;0.24;24.96
1416.721;0.3;0.23;24.97
1422.721;0.3;0.22;24.97
1428.722;0.3;0.22;24.97
1434.723;0.29;0.22;24.96
1440.723;0.3;0.22;24.96
1446.723;0.29;0.22;24.96
1452.735;0.3;0.22;24.96
1458.742;0.29;0.22;24.95
1464.746;0.28;0.22;24.96
1470.753;0.29;0.21;24.96
1476.756;0.28;0.21;24.96
1482.756;0.29;0.21;24.96
1488.756;0.28;0.21;24.96
1494.756;0.29;0.21;24.95
1500.768;0.3;0.21;24.95
1506.77;0.3;0.21;24.96
1512.77;0.29;0.21;24.95
1518.775;0.27;0.2;24.94
1524.775;0.28;0.21;24.95
1530.778;0.28;0.2;24.95
1536.778;0.27;0.2;24.95
1542.778;0.27;0.2;24.95
1548.781;0.27;0.19;24.95
1554.781;0.27;0.19;24.96
1560.781;0.28;0.19;24.96
1566.781;0.28;0.19;24.95
1572.781;0.28;0.18;24.95
1578.783;0.29;0.18;24.94
1584.786;0.28;0.18;24.94
1590.786;0.27;0.18;24.94
1596.788;0.27;0.18;24.94
1602.788;0.27;0.18;24.94
1608.788;0.27;0.18;24.94
1614.788;0.28;0.18;24.94
1620.788;0.27;0.18;24.94
1626.793;0.27;0.18;24.94
1632.793;0.26;0.18;24.93
1638.793;0.26;0.18;24.93
1644.793;0.27;0.18;24.93
1650.793;0.27;0.18;24.93
1656.793;0.26;0.18;24.93
1662.793;0.26;0.17;24.93
1668.793;0.27;0.17;24.93
1674.796;0.25;0.17;24.93
1680.796;0.26;0.17;24.93
1686.796;0.26;0.17;24.94
1692.8;0.25;0.16;24.94
1698.807;0.26;0.16;24.93
1704.807;0.26;0.16;24.93
1710.807;0.26;0.16;24.92
1716.807;0.26;0.16;24.93
1722.807;0.26;0.16;24.93
1728.818;0.25;0.16;24.93
1734.82;0.25;0.16;24.93
1740.819;0.25;0.16;24.92
1746.819;0.26;0.16;24.92
1752.819;0.26;0.16;24.93
1758.819;0.25;0.16;24.93
1764.827;0.26;0.16;24.93
1770.833;0.25;0.17;24.92
1776.835;0.25;0.17;24.92
1782.836;0.26;0.16;24.92
1788.836;0.26;0.16;24.92
1794.838;0.25;0.17;24.92
1800.838;0.25;0.16;24.92
1806.838;0.25;0.17;24.92
1812.842;0.25;0.16;24.91
1818.842;0.24;0.16;24.91
1824.845;0.25;0.16;24.91
1830.845;0.24;0.16;24.91
1836.845;0.25;0.16;24.91
1842.845;0.24;0.15;24.91
1848.85;0.24;0.15;24.91
1854.857;0.25;0.15;24.91
1860.857;0.25;0.15;24.91
1866.857;0.24;0.15;24.91
1872.857;0.24;0.15;24.91
1878.858;0.25;0.15;24.91
1884.858;0.24;0.15;24.91
1890.858;0.25;0.15;24.9
1896.858;0.24;0.15;24.91
1902.858;0.24;0.15;24.91
1908.858;0.24;0.15;24.9
1914.858;0.25;0.15;24.9
1920.858;0.25;0.15;24.9
1926.858;0.25;0.15;24.9
1932.86;0.25;0.14;24.9
1938.86;0.25;0.14;24.89
1944.865;0.25;0.14;24.9
1950.866;0.25;0.14;24.9
1956.876;0.25;0.15;24.9
1962.876;0.25;0.14;24.9
1968.876;0.26;0.14;24.9
1974.876;0.25;0.14;24.89
1980.876;0.24;0.14;24.88
1986.876;0.23;0.14;24.88
1992.877;0.24;0.13;24.88
1998.88;0.24;0.14;24.89
2004.891;0.23;0.13;24.89
2010.891;0.23;0.14;24.89
2016.891;0.23;0.13;24.89
2022.902;0.24;0.14;24.89
2028.909;0.23;0.13;24.89
2034.913;0.23;0.14;24.89
2040.913;0.22;0.13;24.89
2046.913;0.23;0.13;24.89
2052.913;0.23;0.13;24.88
2058.916;0.23;0.13;24.88
2064.916;0.23;0.13;24.88
2070.916;0.23;0.13;24.88
2076.917;0.24;0.13;24.87
2082.917;0.23;0.12;24.87
2088.917;0.23;0.12;24.87
2094.918;0.22;0.13;24.87
2100.918;0.22;0.12;24.87
2106.918;0.24;0.12;24.88
2112.918;0.22;0.12;24.89
2118.918;0.23;0.12;24.88
2124.918;0.24;0.12;24.87
2130.92;0.22;0.12;24.88
2136.92;0.22;0.12;24.88
2142.921;0.22;0.12;24.88
2148.928;0.22;0.12;24.88
2154.928;0.23;0.12;24.87
2160.93;0.22;0.12;24.88
2166.943;0.23;0.12;24.87
2172.943;0.22;0.12;24.87
2178.956;0.22;0.12;24.86
2184.957;0.21;0.12;24.86
2190.957;0.21;0.12;24.86
2196.957;0.22;0.11;24.87
2202.959;0.22;0.11;24.87
2208.96;0.22;0.11;24.87
2214.96;0.21;0.11;24.86
2220.961;0.2;0.11;24.87
2226.961;0.21;0.11;24.87
2232.963;0.21;0.11;24.86
2238.963;0.21;0.11;24.86
2244.963;0.2;0.11;24.86
2250.974;0.19;0.1;24.86
2256.976;0.19;0.11;24.86
2262.977;0.21;0.1;24.86
2268.985;0.21;0.1;24.86
2274.985;0.2;0.1;24.86
2280.985;0.2;0.1;24.86
2286.985;0.2;0.09;24.86
2292.985;0.18;0.09;24.86
2298.985;0.18;0.1;24.85
2304.993;0.18;0.1;24.85
2311.0;0.18;0.1;24.85
2317.007;0.18;0.1;24.85
2323.011;0.19;0.09;24.84
2329.018;0.19;0.1;24.84
2335.028;0.18;0.1;24.84
2341.028;0.18;0.1;24.83
2347.028;0.18;0.1;24.83
2353.028;0.18;0.09;24.84
2359.042;0.18;0.09;24.84
2365.05;0.19;0.09;24.84
2371.05;0.2;0.09;24.84
2377.053;0.19;0.09;24.85
2383.061;0.2;0.09;24.84
2389.064;0.19;0.09;24.84
2395.064;0.19;0.09;24.84
2401.066;0.19;0.09;24.84
2407.067;0.18;0.09;24.84
2413.075;0.18;0.09;24.84
2419.075;0.18;0.09;24.84
2425.075;0.17;0.08;24.83
2431.078;0.18;0.09;24.84
2437.078;0.17;0.08;24.83
2443.078;0.18;0.09;24.83
2449.081;0.18;0.08;24.83
2455.081;0.17;0.08;24.83
2461.081;0.17;0.08;24.84
2467.085;0.17;0.08;24.83
2473.085;0.16;0.08;24.82
2479.085;0.16;0.08;24.83
2485.085;0.16;0.08;24.82
2491.088;0.17;0.08;24.82
2497.088;0.17;0.08;24.83
2503.09;0.18;0.08;24.82
2509.1;0.17;0.08;24.82
2515.102;0.16;0.08;24.83
2521.105;0.17;0.08;24.82
2527.106;0.16;0.08;24.82
2533.106;0.17;0.08;24.82
2539.107;0.16;0.08;24.82
2545.109;0.16;0.08;24.82
2551.109;0.16;0.08;24.82
2557.115;0.17;0.08;24.82
2563.122;0.17;0.08;24.83
2569.122;0.17;0.08;24.82
2575.122;0.16;0.08;24.83
2581.131;0.17;0.08;24.82
2587.134;0.16;0.08;24.82
2593.134;0.16;0.07;24.81
2599.137;0.16;0.08;24.81
2605.137;0.17;0.08;24.82
2611.139;0.17;0.08;24.81
2617.139;0.16;0.08;24.81
2623.139;0.15;0.08;24.82
2629.139;0.15;0.08;24.81
2635.139;0.15;0.08;24.81
2641.139;0.16;0.07;24.81
2647.139;0.16;0.08;24.79
2653.139;0.16;0.08;24.8
2659.142;0.15;0.08;24.8
2665.142;0.14;0.07;24.8
2671.144;0.15;0.08;24.8
2677.144;0.15;0.08;24.8
2683.144;0.15;0.07;24.8
2689.144;0.16;0.08;24.8
2695.144;0.16;0.08;24.8
2701.144;0.16;0.08;24.8
2707.144;0.15;0.07;24.81
2713.149;0.16;0.08;24.81
2719.149;0.17;0.08;24.81
2725.15;0.17;0.08;24.81
2731.15;0.17;0.08;24.81
2737.15;0.16;0.08;24.81
2743.15;0.15;0.08;24.81
2749.151;0.17;0.08;24.8
2755.151;0.17;0.08;24.79
2761.151;0.16;0.08;24.79
2767.151;0.16;0.08;24.79
2773.164;0.15;0.07;24.8
2779.172;0.16;0.08;24.79
2785.173;0.16;0.07;24.8
2791.174;0.15;0.07;24.79
2797.174;0.16;0.07;24.8
2803.174;0.16;0.07;24.78
2809.174;0.16;0.07;24.79
2815.174;0.15;0.07;24.79
2821.187;0.15;0.07;24.79
2827.187;0.16;0.07;24.79
2833.191;0.16;0.07;24.79
2839.192;0.16;0.08;24.8
2845.192;0.15;0.08;24.79
2851.199;0.14;0.08;24.79
2857.201;0.14;0.07;24.79
2863.2;0.15;0.07;24.79
2869.2;0.15;0.08;24.79
2875.2;0.14;0.07;24.79
2881.2;0.14;0.07;24.78
2887.2;0.15;0.07;24.79
2893.2;0.15;0.07;24.78
2899.2;0.15;0.07;24.79
2905.2;0.15;0.07;24.79
2911.205;0.15;0.07;24.78
2917.206;0.15;0.07;24.79
2923.206;0.15;0.07;24.78
2929.209;0.15;0.07;24.78
2935.209;0.15;0.07;24.78
2941.209;0.15;0.07;24.77
2947.209;0.16;0.07;24.77
2953.212;0.16;0.07;24.77
2959.215;0.16;0.06;24.77
2965.215;0.16;0.06;24.77
2971.217;0.16;0.06;24.77
2977.217;0.16;0.07;24.76
2983.222;0.16;0.07;24.76
2989.222;0.14;0.07;24.77
2995.23;0.14;0.08;24.76
3001.237;0.15;0.07;24.76
3007.244;0.14;0.08;24.77
3013.245;0.14;0.07;24.76
3019.245;0.14;0.07;24.77
3025.247;0.14;0.07;24.77
3031.258;0.14;0.06;24.77
3037.258;0.15;0.07;24.77
3043.258;0.14;0.07;24.76
3049.258;0.14;0.07;24.76
3055.258;0.14;0.07;24.76
3061.258;0.14;0.07;24.76
3067.261;0.15;0.07;24.75
3073.268;0.15;0.07;24.76
3079.27;0.15;0.07;24.75
3085.27;0.15;0.07;24.75
3091.271;0.15;0.07;24.75
3097.271;0.16;0.07;24.76
3103.271;0.17;0.07;24.76
3109.271;0.15;0.06;24.76
3115.271;0.15;0.06;24.76
3121.271;0.15;0.07;24.76
3127.276;0.14;0.07;24.75
3133.276;0.14;0.07;24.74
3139.279;0.13;0.07;24.75
3145.279;0.13;0.07;24.76
3151.281;0.14;0.06;24.75
3157.281;0.14;0.06;24.75
3163.281;0.15;0.07;24.75
3169.281;0.15;0.06;24.75
3175.289;0.15;0.06;24.75
3181.289;0.15;0.06;24.75
3187.289;0.14;0.07;24.75
3193.29;0.14;0.06;24.75
3199.293;0.14;0.06;24.75
3205.293;0.15;0.06;24.75
3211.296;0.14;0.06;24.75
3217.311;0.12;0.07;24.75
3223.311;0.12;0.07;24.75
3229.311;0.12;0.06;24.74
3235.311;0.14;0.06;24.75
3241.311;0.14;0.06;24.74
3247.311;0.14;0.07;24.74
3253.313;0.15;0.06;24.74
3259.312;0.15;0.06;24.74
3265.313;0.15;0.06;24.73
3271.314;0.14;0.06;24.74
3277.321;0.15;0.06;24.74
3283.323;0.15;0.07;24.74
3289.326;0.14;0.07;24.73
3295.326;0.14;0.06;24.73
3301.326;0.14;0.06;24.73
3307.327;0.13;0.06;24.73
3313.327;0.13;0.07;24.73
3319.327;0.13;0.06;24.72
3325.33;0.14;0.06;24.72
3331.33;0.13;0.07;24.73
3337.33;0.13;0.06;24.73
3343.333;0.13;0.06;24.73
3349.342;0.14;0.06;24.73
3355.349;0.14;0.06;24.73
3361.351;0.15;0.06;24.73
3367.351;0.13;0.06;24.72
3373.351;0.13;0.06;24.71
3379.354;0.13;0.06;24.72
3385.354;0.13;0.06;24.72
3391.354;0.14;0.06;24.72
3397.364;0.13;0.06;24.72
3403.364;0.14;0.06;24.72
3409.365;0.13;0.06;24.72
3415.365;0.14;0.06;24.72
3421.372;0.14;0.06;24.7
3427.375;0.13;0.06;24.71
3433.375;0.13;0.06;24.71
3439.375;0.13;0.06;24.72
3445.375;0.13;0.06;24.72
3451.375;0.14;0.06;24.72
3457.375;0.13;0.06;24.72
3463.375;0.13;0.06;24.72
3469.378;0.14;0.06;24.72
3475.382;0.15;0.06;24.71
3481.382;0.14;0.06;24.72
3487.382;0.13;0.06;24.72
3493.382;0.14;0.06;24.72
3499.391;0.14;0.06;24.71
3505.391;0.14;0.06;24.71
3511.391;0.14;0.06;24.71
3517.394;0.14;0.06;24.71
3523.394;0.13;0.06;24.71
3529.394;0.12;0.06;24.71
3535.394;0.13;0.06;24.71
3541.406;0.13;0.06;24.71
3547.408;0.13;0.06;24.7
3553.409;0.13;0.06;24.71
3559.409;0.13;0.06;24.7
3565.417;0.13;0.06;24.7
3571.417;0.12;0.06;24.7
3577.417;0.13;0.06;24.71
3583.42;0.13;0.06;24.69
3589.42;0.13;0.06;24.7
3595.422;0.14;0.06;24.71
3601.422;0.12;0.06;24.69
3607.422;0.12;0.06;24.69
3613.422;0.13;0.06;24.69
3619.422;0.13;0.06;24.68
3625.422;0.13;0.06;24.69
3631.425;0.13;0.06;24.69
3637.426;0.13;0.06;24.69
3643.426;0.12;0.06;24.68
3649.427;0.11;0.06;24.7
3655.427;0.13;0.06;24.69
3661.427;0.13;0.06;24.69
3667.427;0.13;0.06;24.69
3673.429;0.13;0.06;24.69
3679.429;0.14;0.06;24.69
3685.429;0.13;0.06;24.69
3691.429;0.14;0.05;24.69
3697.429;0.12;0.06;24.69
3703.429;0.13;0.06;24.69
3709.432;0.13;0.05;24.69
3715.433;0.13;0.06;24.7
3721.433;0.13;0.06;24.7
3727.433;0.13;0.06;24.69
3733.439;0.13;0.06;24.69
3739.442;0.12;0.06;24.69
3745.442;0.12;0.06;24.69
3751.442;0.13;0.06;24.68
3757.444;0.12;0.05;24.67
3763.444;0.11;0.06;24.68
3769.445;0.12;0.06;24.68
3775.445;0.13;0.06;24.68
3781.445;0.13;0.06;24.67
3787.445;0.13;0.06;24.68
3793.447;0.13;0.05;24.68
3799.448;0.13;0.05;24.68
3805.449;0.13;0.05;24.67
3811.449;0.14;0.06;24.68
3817.449;0.12;0.06;24.68
3823.452;0.12;0.06;24.68
3829.452;0.13;0.06;24.67
3835.452;0.12;0.06;24.67
3841.454;0.13;0.06;24.67
3847.454;0.13;0.06;24.68
3853.454;0.13;0.06;24.68
3859.454;0.14;0.06;24.67
3865.454;0.14;0.06;24.67
3871.46;0.13;0.06;24.67
3877.463;0.13;0.06;24.67
3883.463;0.13;0.06;24.67
3889.471;0.13;0.06;24.67
3895.471;0.13;0.06;24.67
3901.475;0.12;0.06;24.66
3907.475;0.12;0.06;24.67
3913.478;0.12;0.06;24.67
3919.478;0.13;0.06;24.66
3925.48;0.12;0.06;24.67
3931.48;0.13;0.06;24.67
3937.48;0.13;0.06;24.67
3943.48;0.13;0.06;24.67
3949.484;0.14;0.06;24.66
3955.484;0.13;0.06;24.66
3961.486;0.12;0.06;24.66
3967.488;0.13;0.06;24.66
3973.492;0.13;0.06;24.66
3979.503;0.12;0.06;24.67
3985.504;0.13;0.05;24.66
3991.504;0.13;0.06;24.65
3997.504;0.14;0.05;24.65
4003.507;0.14;0.06;24.66
4009.507;0.13;0.06;24.66
4015.508;0.12;0.06;24.65
4021.509;0.12;0.05;24.66
4027.509;0.13;0.05;24.65
4033.509;0.12;0.05;24.65
4039.509;0.12;0.05;24.65
4045.509;0.13;0.05;24.64
4051.509;0.12;0.05;24.64
4057.509;0.12;0.06;24.65
4063.51;0.13;0.05;24.65
4069.51;0.12;0.05;24.65
4075.518;0.12;0.06;24.65
4081.521;0.12;0.05;24.65
4087.522;0.11;0.05;24.65
4093.529;0.12;0.05;24.65
4099.532;0.13;0.05;24.63
4105.532;0.12;0.06;24.64
4111.537;0.11;0.06;24.65
4117.544;0.11;0.06;24.65
4123.547;0.13;0.05;24.64
4129.549;0.12;0.05;24.63
4135.549;0.12;0.06;24.64
4141.549;0.13;0.05;24.64
4147.55;0.12;0.05;24.63
4153.55;0.11;0.05;24.63
4159.553;0.12;0.05;24.63
4165.554;0.11;0.06;24.63
4171.554;0.1;0.05;24.63
4177.554;0.11;0.05;24.64
4183.558;0.11;0.05;24.64
4189.565;0.11;0.06;24.64
4195.571;0.12;0.05;24.63
4201.573;0.12;0.05;24.63
4207.573;0.12;0.05;24.63
4213.573;0.11;0.05;24.63
4219.579;0.11;0.06;24.64
4225.581;0.12;0.06;24.64
4231.581;0.12;0.06;24.64
4237.581;0.11;0.05;24.63
4243.584;0.13;0.05;24.62
4249.584;0.13;0.05;24.63
4255.586;0.12;0.05;24.62
4261.586;0.12;0.05;24.63
4267.586;0.11;0.05;24.62
4273.599;0.12;0.05;24.63
4279.599;0.12;0.05;24.63
4285.599;0.11;0.05;24.62
4291.599;0.11;0.06;24.62
4297.6;0.12;0.05;24.62
4303.6;0.11;0.05;24.63
4309.607;0.12;0.05;24.63
4315.614;0.11;0.06;24.62
4321.621;0.11;0.05;24.61
4327.623;0.12;0.05;24.62
4333.623;0.12;0.05;24.62
4339.623;0.12;0.05;24.62
4345.626;0.13;0.05;24.62
4351.626;0.12;0.05;24.62
4357.632;0.12;0.05;24.62
4363.637;0.11;0.05;24.6
4369.644;0.12;0.06;24.61
4375.644;0.12;0.06;24.61
4381.658;0.13;0.06;24.61
4387.661;0.13;0.05;24.61
4393.672;0.13;0.05;24.61
4399.675;0.12;0.05;24.61
4405.685;0.12;0.05;24.61
4411.684;0.11;0.05;24.61
4417.684;0.11;0.05;24.61
4423.684;0.12;0.05;24.61
4429.687;0.11;0.05;24.6
4435.687;0.1;0.05;24.61
4441.687;0.11;0.05;24.6
4447.687;0.11;0.05;24.6
4453.69;0.11;0.05;24.61
4459.69;0.11;0.05;24.6
4465.69;0.11;0.05;24.6
4471.691;0.12;0.05;24.6
4477.691;0.12;0.05;24.61
4483.69;0.13;0.05;24.61
4489.697;0.13;0.05;24.6
4495.704;0.12;0.05;24.6
4501.706;0.12;0.05;24.6
4507.706;0.12;0.05;24.59
4513.706;0.12;0.05;24.59
4519.711;0.13;0.05;24.59
4525.715;0.11;0.05;24.59
4531.722;0.12;0.05;24.59
4537.722;0.12;0.05;24.6
4543.725;0.12;0.05;24.59
4549.733;0.12;0.05;24.6
4555.74;0.12;0.04;24.59
4561.743;0.12;0.05;24.59
4567.743;0.13;0.05;24.59
4573.743;0.12;0.04;24.59
4579.743;0.13;0.04;24.59
4585.743;0.12;0.04;24.59
4591.743;0.12;0.05;24.58
4597.743;0.12;0.04;24.58
4603.744;0.13;0.05;24.59
4609.744;0.11;0.05;24.58
4615.756;0.12;0.05;24.58
4621.759;0.12;0.05;24.58
4627.759;0.11;0.05;24.58
4633.759;0.11;0.05;24.58
4639.764;0.11;0.05;24.58
4645.778;0.12;0.05;24.58
4651.778;0.12;0.05;24.58
4657.781;0.11;0.05;24.57
4663.784;0.11;0.06;24.56
4669.785;0.12;0.05;24.58
4675.792;0.12;0.05;24.57
4681.799;0.12;0.05;24.58
4687.806;0.12;0.04;24.58
4693.806;0.12;0.05;24.58
4699.806;0.12;0.05;24.57
4705.806;0.12;0.05;24.57
4711.806;0.12;0.05;24.57
4717.806;0.11;0.05;24.57
4723.806;0.11;0.05;24.58
4729.807;0.11;0.04;24.58
4735.807;0.12;0.04;24.58
4741.807;0.12;0.04;24.58
4747.807;0.12;0.05;24.57
4753.807;0.12;0.04;24.57
4759.807;0.12;0.05;24.57
4765.807;0.11;0.05;24.57
4771.81;0.1;0.05;24.57
4777.813;0.11;0.05;24.58
4783.813;0.12;0.05;24.57
4789.813;0.12;0.05;24.56
4795.824;0.12;0.05;24.57
4801.827;0.12;0.05;24.57
4807.827;0.12;0.05;24.57
4813.827;0.13;0.05;24.56
4819.827;0.12;0.05;24.57
4825.836;0.12;0.05;24.57
4831.843;0.11;0.05;24.57
4837.85;0.11;0.05;24.56
4843.85;0.11;0.05;24.56
4849.854;0.11;0.05;24.56
4855.856;0.11;0.05;24.57
4861.856;0.11;0.05;24.57
4867.856;0.11;0.05;24.57
4873.856;0.11;0.05;24.56
4879.856;0.12;0.05;24.56
4885.856;0.11;0.05;24.55
4891.856;0.12;0.05;24.56
4897.856;0.11;0.05;24.56
4903.856;0.12;0.05;24.56
4909.859;0.12;0.04;24.55
4915.859;0.12;0.05;24.56
4921.859;0.1;0.05;24.55
4927.859;0.1;0.05;24.55
4933.867;0.1;0.05;24.55
4939.867;0.1;0.05;24.56
4945.867;0.11;0.05;24.55
4951.867;0.11;0.05;24.56
4957.868;0.1;0.05;24.55
4963.869;0.11;0.05;24.55
4969.875;0.11;0.05;24.54
4975.877;0.12;0.05;24.54
4981.877;0.11;0.05;24.54
4987.877;0.1;0.05;24.55
4993.883;0.1;0.05;24.55
4999.89;0.1;0.05;24.54
5005.894;0.1;0.05;24.54
5011.894;0.11;0.04;24.54
5017.898;0.11;0.05;24.55
5023.899;0.12;0.05;24.54
5029.901;0.11;0.05;24.55
5035.908;0.11;0.05;24.54
5041.915;0.11;0.04;24.53
5047.922;0.11;0.05;24.53
5053.922;0.11;0.05;24.53
5059.922;0.1;0.04;24.53
5065.922;0.1;0.05;24.53
5071.925;0.11;0.05;24.54
5077.933;0.12;0.05;24.53
5083.935;0.12;0.05;24.53
5089.937;0.12;0.05;24.54
5095.944;0.11;0.05;24.53
5101.944;0.1;0.05;24.53
5107.947;0.11;0.05;24.53
5113.947;0.12;0.05;24.53
5119.948;0.12;0.05;24.53
5125.95;0.1;0.05;24.53
5131.95;0.12;0.04;24.53
5137.95;0.12;0.04;24.53
5143.956;0.1;0.05;24.53
5149.957;0.11;0.05;24.53
5155.957;0.11;0.05;24.54
5161.957;0.13;0.05;24.53
5167.963;0.12;0.05;24.53
5173.963;0.12;0.05;24.53
5179.963;0.1;0.05;24.52
5185.963;0.11;0.05;24.52
5191.968;0.1;0.05;24.51
5197.969;0.1;0.05;24.52
5203.978;0.1;0.05;24.53
5209.978;0.11;0.05;24.52
5215.981;0.1;0.05;24.52
5221.992;0.11;0.04;24.52
5227.992;0.12;0.05;24.52
5233.993;0.12;0.05;24.52
5239.993;0.12;0.05;24.51
5245.994;0.12;0.05;24.51
5251.994;0.12;0.05;24.51
5257.994;0.11;0.05;24.51
5263.997;0.11;0.05;24.51
5269.997;0.11;0.05;24.52
5276.0;0.11;0.05;24.52
5282.0;0.11;0.05;24.51
5288.0;0.1;0.05;24.51
5294.0;0.1;0.04;24.51
5300.0;0.09;0.04;24.52
5306.009;0.09;0.04;24.51
5312.009;0.11;0.05;24.51
5318.009;0.1;0.05;24.51
5324.009;0.1;0.05;24.51
5330.011;0.09;0.05;24.51
5336.011;0.1;0.05;24.52
5342.025;0.1;0.05;24.52
5348.032;0.1;0.05;24.5
5354.038;0.11;0.05;24.5
5360.045;0.09;0.05;24.5
5366.045;0.1;0.05;24.5
5372.045;0.09;0.04;24.49
5378.045;0.1;0.04;24.5
5384.048;0.1;0.04;24.5
5390.051;0.11;0.04;24.5
5396.051;0.11;0.04;24.5
5402.051;0.12;0.04;24.5
5408.051;0.1;0.04;24.5
5414.052;0.09;0.04;24.5
5420.059;0.1;0.04;24.5
5426.059;0.1;0.04;24.5
5432.059;0.1;0.04;24.5
5438.067;0.11;0.05;24.49
5444.067;0.1;0.05;24.48
5450.069;0.1;0.05;24.48
5456.068;0.1;0.04;24.48
5462.068;0.1;0.04;24.49
5468.081;0.11;0.05;24.49
5474.088;0.12;0.05;24.49
5480.094;0.12;0.04;24.49
5486.097;0.12;0.05;24.49
5492.1;0.12;0.04;24.5
5498.102;0.11;0.05;24.49
5504.102;0.11;0.04;24.49
5510.102;0.11;0.04;24.49
5516.102;0.11;0.04;24.49
5522.102;0.11;0.05;24.48
5528.105;0.11;0.05;24.48
5534.105;0.11;0.04;24.48
5540.11;0.11;0.04;24.49
5546.111;0.1;0.04;24.48
5552.111;0.09;0.05;24.48
5558.112;0.1;0.05;24.49
5564.114;0.1;0.05;24.49
5570.114;0.1;0.05;24.49
5576.114;0.1;0.05;24.48
5582.114;0.12;0.05;24.49
5588.114;0.1;0.05;24.48
5594.116;0.11;0.05;24.47
5600.115;0.1;0.05;24.48
5606.128;0.09;0.05;24.47
5612.131;0.09;0.04;24.48
5618.131;0.11;0.04;24.47
5624.131;0.11;0.04;24.46
5630.132;0.11;0.05;24.46
5636.132;0.1;0.05;24.47
5642.136;0.1;0.04;24.48
5648.146;0.1;0.04;24.48
5654.149;0.1;0.04;24.47
5660.159;0.1;0.05;24.47
5666.16;0.11;0.05;24.47
5672.16;0.11;0.05;24.47
5678.16;0.09;0.04;24.47
5684.164;0.09;0.04;24.47
5690.166;0.1;0.04;24.48
5696.165;0.1;0.04;24.47
5702.166;0.1;0.05;24.46
5708.168;0.11;0.05;24.46
5714.168;0.1;0.04;24.46
5720.174;0.1;0.05;24.45
5726.174;0.1;0.05;24.45
5732.174;0.1;0.05;24.45
5738.176;0.1;0.04;24.46
5744.176;0.09;0.04;24.45
5750.176;0.1;0.05;24.45
5756.178;0.1;0.05;24.46
5762.178;0.11;0.05;24.46
5768.178;0.1;0.05;24.45
5774.178;0.09;0.05;24.44
5780.189;0.1;0.05;24.45
5786.194;0.09;0.05;24.44
5792.194;0.09;0.04;24.45
5798.194;0.1;0.05;24.45
5804.203;0.11;0.05;24.45
5810.21;0.11;0.05;24.45
5816.217;0.11;0.05;24.46
5822.224;0.13;0.04;24.45
5828.23;0.12;0.04;24.45
5834.237;0.11;0.05;24.45
5840.244;0.11;0.05;24.45
5846.244;0.11;0.05;24.46
5852.244;0.12;0.05;24.46
5858.244;0.12;0.04;24.46
5864.247;0.11;0.04;24.46
5870.247;0.11;0.04;24.45
5876.247;0.11;0.04;24.45
5882.248;0.11;0.04;24.45
5888.251;0.1;0.05;24.44
5894.254;0.11;0.05;24.45
5900.254;0.1;0.04;24.44
5906.254;0.09;0.04;24.44
5912.254;0.1;0.04;24.44
5918.254;0.09;0.05;24.44
5924.254;0.1;0.04;24.43
5930.254;0.12;0.05;24.44
5936.255;0.11;0.05;24.44
5942.255;0.11;0.04;24.44
5948.26;0.11;0.05;24.44
5954.266;0.1;0.05;24.44
5960.269;0.1;0.04;24.44
5966.269;0.1;0.04;24.44
5972.269;0.1;0.05;24.43
5978.27;0.1;0.05;24.43
5984.272;0.11;0.05;24.43
5990.272;0.1;0.04;24.44
5996.272;0.11;0.05;24.43
6002.274;0.11;0.05;24.42
6008.277;0.11;0.05;24.43
6014.28;0.11;0.04;24.42
6020.28;0.11;0.05;24.42
6026.281;0.09;0.05;24.43
6032.288;0.1;0.04;24.43
6038.295;0.1;0.04;24.43
6044.302;0.09;0.04;24.43
6050.308;0.1;0.04;24.43
6056.309;0.1;0.04;24.42
6062.309;0.09;0.04;24.42
6068.309;0.09;0.05;24.43
6074.315;0.11;0.05;24.43
6080.322;0.11;0.05;24.42
6086.322;0.11;0.05;24.42
6092.322;0.11;0.05;24.42
6098.322;0.1;0.05;24.42
6104.324;0.09;0.05;24.43
6110.324;0.09;0.05;24.42
6116.324;0.09;0.05;24.42
6122.326;0.1;0.05;24.42
6128.329;0.09;0.04;24.41
6134.329;0.1;0.04;24.41
6140.329;0.1;0.04;24.41
6146.329;0.09;0.04;24.42
6152.337;0.09;0.05;24.41
6158.343;0.1;0.04;24.41
6164.35;0.1;0.04;24.41
6170.358;0.1;0.04;24.41
6176.364;0.1;0.04;24.41
6182.37;0.1;0.04;24.41
6188.377;0.1;0.04;24.41
6194.384;0.1;0.05;24.41
6200.39;0.11;0.04;24.4
6206.391;0.11;0.04;24.4
6212.391;0.1;0.05;24.41
6218.392;0.11;0.05;24.41
6224.392;0.1;0.05;24.41
6230.392;0.1;0.05;24.41
6236.394;0.1;0.04;24.41
6242.394;0.09;0.04;24.41
6248.396;0.09;0.04;24.41
6254.396;0.09;0.04;24.4
6260.396;0.1;0.04;24.4
6266.397;0.09;0.04;24.4
6272.396;0.1;0.04;24.4
6278.396;0.09;0.04;24.4
6284.398;0.1;0.04;24.41
6290.405;0.1;0.04;24.41
6296.406;0.1;0.04;24.4
6302.416;0.09;0.04;24.4
6308.425;0.09;0.04;24.4
6314.427;0.09;0.04;24.39
6320.427;0.1;0.04;24.4
6326.427;0.09;0.04;24.4
6332.439;0.09;0.04;24.39
6338.441;0.09;0.04;24.39
6344.442;0.1;0.04;24.39
6350.449;0.09;0.04;24.39
6356.449;0.1;0.04;24.39
6362.451;0.1;0.04;24.39
6368.453;0.09;0.04;24.38
6374.455;0.09;0.04;24.38
6380.455;0.09;0.04;24.38
6386.466;0.09;0.04;24.39
6392.468;0.1;0.04;24.39
6398.467;0.1;0.04;24.39
6404.468;0.09;0.04;24.38
6410.468;0.1;0.04;24.38
6416.469;0.1;0.04;24.38
6422.477;0.1;0.04;24.38
6428.48;0.1;0.04;24.38
6434.49;0.11;0.04;24.38
6440.496;0.11;0.05;24.38
6446.5;0.1;0.05;24.38
6452.507;0.1;0.05;24.38
6458.508;0.1;0.04;24.38
6464.508;0.1;0.05;24.38
6470.508;0.1;0.05;24.38
6476.513;0.09;0.04;24.38
6482.516;0.1;0.04;24.38
6488.516;0.09;0.04;24.37
6494.516;0.1;0.05;24.37
6500.519;0.1;0.04;24.37
6506.521;0.1;0.04;24.37
6512.521;0.1;0.04;24.36
6518.527;0.09;0.04;24.36
6524.534;0.09;0.04;24.36
6530.541;0.09;0.04;24.37
6536.547;0.09;0.04;24.36
6542.547;0.1;0.04;24.37
6548.549;0.1;0.04;24.37
6554.557;0.1;0.05;24.37
6560.564;0.09;0.04;24.37
6566.564;0.09;0.04;24.37
6572.564;0.09;0.04;24.36
6578.566;0.1;0.05;24.36
6584.565;0.09;0.05;24.36
6590.565;0.1;0.04;24.36
6596.565;0.09;0.05;24.36
6602.567;0.1;0.05;24.36
6608.567;0.1;0.05;24.36
6614.567;0.1;0.04;24.37
6620.567;0.1;0.04;24.35
6626.567;0.1;0.04;24.35
6632.568;0.1;0.04;24.35
6638.568;0.1;0.04;24.36
6644.568;0.1;0.04;24.35
6650.568;0.1;0.04;24.35
6656.575;0.1;0.04;24.35
6662.576;0.09;0.04;24.35
6668.576;0.09;0.04;24.35
6674.576;0.1;0.04;24.35
6680.577;0.1;0.04;24.35
6686.577;0.09;0.04;24.36
6692.582;0.1;0.04;24.35
6698.582;0.09;0.05;24.35
6704.584;0.09;0.04;24.35
6710.587;0.09;0.04;24.34
6716.588;0.09;0.04;24.35
6722.59;0.1;0.04;24.34
6728.59;0.09;0.05;24.34
6734.59;0.1;0.05;24.33
6740.59;0.11;0.05;24.34
6746.59;0.11;0.05;24.34
6752.592;0.12;0.05;24.34
6758.602;0.11;0.04;24.35
6764.604;0.12;0.04;24.34
6770.605;0.11;0.04;24.34
6776.609;0.1;0.04;24.34
6782.61;0.1;0.04;24.34
6788.611;0.1;0.05;24.35
6794.622;0.1;0.04;24.34
6800.624;0.1;0.04;24.34
6806.624;0.1;0.05;24.34
6812.624;0.1;0.04;24.33
6818.626;0.1;0.05;24.33
6824.626;0.1;0.04;24.33
6830.628;0.1;0.04;24.33
6836.63;0.1;0.04;24.33
6842.63;0.11;0.04;24.33
6848.631;0.11;0.04;24.33
6854.631;0.1;0.04;24.33
6860.642;0.11;0.04;24.32
6866.643;0.11;0.05;24.32
6872.643;0.1;0.05;24.33
6878.649;0.11;0.05;24.33
6884.65;0.09;0.04;24.33
6890.65;0.09;0.04;24.33
6896.659;0.1;0.04;24.32
6902.666;0.1;0.04;24.32
6908.666;0.09;0.04;24.32
6914.666;0.09;0.04;24.32
6920.669;0.09;0.04;24.32
6926.67;0.1;0.04;24.31
6932.676;0.1;0.05;24.31
6938.679;0.11;0.04;24.32
6944.68;0.11;0.04;24.32
6950.68;0.11;0.04;24.32
6956.694;0.11;0.05;24.32
6962.697;0.1;0.04;24.32
6968.697;0.09;0.04;24.31
6974.703;0.1;0.04;24.3
6980.704;0.09;0.04;24.31
6986.704;0.11;0.05;24.31
6992.704;0.11;0.05;24.32
6998.716;0.1;0.04;24.31
7004.716;0.11;0.04;24.31
7010.716;0.11;0.04;24.32
7016.716;0.1;0.04;24.32
7022.716;0.1;0.04;24.31
7028.716;0.1;0.04;24.31
7034.716;0.1;0.04;24.3
7040.719;0.1;0.04;24.3
7046.727;0.1;0.04;24.31
7052.735;0.09;0.04;24.29
7058.735;0.1;0.04;24.29
7064.735;0.09;0.04;24.29
7070.743;0.09;0.04;24.29
7076.743;0.1;0.04;24.29
